3.300000000000000000e+03   9.78572e-11
3.316000000000000000e+03   9.71833e-11
3.332000000000000000e+03   9.61636e-11
3.348000000000000000e+03   9.66607e-11
3.364000000000000000e+03   9.64514e-11
3.380000000000000000e+03   9.66913e-11
3.396000000000000000e+03   9.65796e-11
3.412000000000000000e+03   9.59407e-11
3.428000000000000000e+03   9.52224e-11
3.444000000000000000e+03   9.35609e-11
3.460000000000000000e+03   9.26123e-11
3.476000000000000000e+03   9.20155e-11
3.492000000000000000e+03   9.18485e-11
3.508000000000000000e+03   9.23637e-11
3.524000000000000000e+03   9.27148e-11
3.540000000000000000e+03   9.33285e-11
3.556000000000000000e+03   9.25757e-11
3.572000000000000000e+03   9.22567e-11
3.588000000000000000e+03   9.21119e-11
3.604000000000000000e+03   9.21406e-11
3.620000000000000000e+03   9.23429e-11
3.636000000000000000e+03   9.24641e-11
3.652000000000000000e+03   9.23335e-11
3.668000000000000000e+03   9.22916e-11
3.684000000000000000e+03   9.29355e-11
3.700000000000000000e+03   9.74579e-11
3.716000000000000000e+03   1.06529e-10
3.732000000000000000e+03   1.17961e-10
3.748000000000000000e+03   1.31590e-10
3.764000000000000000e+03   1.47069e-10
3.780000000000000000e+03   1.71489e-10
3.796000000000000000e+03   1.72254e-10
3.812000000000000000e+03   2.10143e-10
3.828000000000000000e+03   1.76067e-10
3.844000000000000000e+03   2.16199e-10
3.860000000000000000e+03   2.56122e-10
3.876000000000000000e+03   2.00287e-10
3.892000000000000000e+03   1.89354e-10
3.908000000000000000e+03   2.54514e-10
3.924000000000000000e+03   2.63125e-10
3.940000000000000000e+03   2.51552e-10
3.956000000000000000e+03   1.98750e-10
3.972000000000000000e+03   1.76686e-10
3.988000000000000000e+03   2.43506e-10
4.004000000000000000e+03   2.71539e-10
4.020000000000000000e+03   2.76419e-10
4.036000000000000000e+03   2.74738e-10
4.052000000000000000e+03   2.69576e-10
4.068000000000000000e+03   2.55187e-10
4.084000000000000000e+03   2.08473e-10
4.100000000000000000e+03   1.59387e-10
4.116000000000000000e+03   2.11773e-10
4.132000000000000000e+03   2.44625e-10
4.148000000000000000e+03   2.52315e-10
4.164000000000000000e+03   2.49919e-10
4.180000000000000000e+03   2.46870e-10
4.196000000000000000e+03   2.47258e-10
4.212000000000000000e+03   2.45383e-10
4.228000000000000000e+03   2.41741e-10
4.244000000000000000e+03   2.38600e-10
4.260000000000000000e+03   2.34640e-10
4.276000000000000000e+03   2.30965e-10
4.292000000000000000e+03   2.23615e-10
4.308000000000000000e+03   2.11188e-10
4.324000000000000000e+03   1.74040e-10
4.340000000000000000e+03   1.34723e-10
4.356000000000000000e+03   1.80736e-10
4.372000000000000000e+03   2.08094e-10
4.388000000000000000e+03   2.10614e-10
4.404000000000000000e+03   2.10633e-10
4.420000000000000000e+03   2.10657e-10
4.436000000000000000e+03   2.09719e-10
4.452000000000000000e+03   2.06876e-10
4.468000000000000000e+03   2.02766e-10
4.484000000000000000e+03   1.99843e-10
4.500000000000000000e+03   2.00445e-10
4.516000000000000000e+03   1.98478e-10
4.532000000000000000e+03   1.95452e-10
4.548000000000000000e+03   1.91593e-10
4.564000000000000000e+03   1.90954e-10
4.580000000000000000e+03   1.89448e-10
4.596000000000000000e+03   1.89348e-10
4.612000000000000000e+03   1.87690e-10
4.628000000000000000e+03   1.84856e-10
4.644000000000000000e+03   1.84602e-10
4.660000000000000000e+03   1.81991e-10
4.676000000000000000e+03   1.80581e-10
4.692000000000000000e+03   1.78856e-10
4.708000000000000000e+03   1.77316e-10
4.724000000000000000e+03   1.74985e-10
4.740000000000000000e+03   1.72689e-10
4.756000000000000000e+03   1.71055e-10
4.772000000000000000e+03   1.68663e-10
4.788000000000000000e+03   1.67075e-10
4.804000000000000000e+03   1.64291e-10
4.820000000000000000e+03   1.60224e-10
4.836000000000000000e+03   1.47995e-10
4.852000000000000000e+03   1.11630e-10
4.868000000000000000e+03   1.06689e-10
4.884000000000000000e+03   1.42190e-10
4.900000000000000000e+03   1.54038e-10
4.916000000000000000e+03   1.54453e-10
4.932000000000000000e+03   1.54730e-10
4.948000000000000000e+03   1.54298e-10
4.964000000000000000e+03   1.53023e-10
4.980000000000000000e+03   1.51901e-10
4.996000000000000000e+03   1.49546e-10
5.012000000000000000e+03   1.47095e-10
5.028000000000000000e+03   1.46161e-10
5.044000000000000000e+03   1.45101e-10
5.060000000000000000e+03   1.44185e-10
5.076000000000000000e+03   1.43674e-10
5.092000000000000000e+03   1.42772e-10
5.108000000000000000e+03   1.41879e-10
5.124000000000000000e+03   1.40088e-10
5.140000000000000000e+03   1.38578e-10
5.156000000000000000e+03   1.36457e-10
5.172000000000000000e+03   1.34123e-10
5.188000000000000000e+03   1.33174e-10
5.204000000000000000e+03   1.32845e-10
5.220000000000000000e+03   1.31668e-10
5.236000000000000000e+03   1.29545e-10
5.252000000000000000e+03   1.29590e-10
5.268000000000000000e+03   1.26453e-10
5.284000000000000000e+03   1.26851e-10
5.300000000000000000e+03   1.26087e-10
5.316000000000000000e+03   1.23723e-10
5.332000000000000000e+03   1.23095e-10
5.348000000000000000e+03   1.23264e-10
5.364000000000000000e+03   1.22080e-10
5.380000000000000000e+03   1.21243e-10
5.396000000000000000e+03   1.19971e-10
5.412000000000000000e+03   1.18934e-10
5.428000000000000000e+03   1.18016e-10
5.444000000000000000e+03   1.17540e-10
5.460000000000000000e+03   1.16529e-10
5.476000000000000000e+03   1.15423e-10
5.492000000000000000e+03   1.14963e-10
5.508000000000000000e+03   1.13667e-10
5.524000000000000000e+03   1.12905e-10
5.540000000000000000e+03   1.11944e-10
5.556000000000000000e+03   1.11608e-10
5.572000000000000000e+03   1.10357e-10
5.588000000000000000e+03   1.09322e-10
5.604000000000000000e+03   1.08499e-10
5.620000000000000000e+03   1.07584e-10
5.636000000000000000e+03   1.06581e-10
5.652000000000000000e+03   1.05394e-10
5.668000000000000000e+03   1.04126e-10
5.684000000000000000e+03   1.03350e-10
5.700000000000000000e+03   1.02299e-10
5.716000000000000000e+03   1.01353e-10
5.732000000000000000e+03   1.00325e-10
5.748000000000000000e+03   9.94002e-11
5.764000000000000000e+03   9.84856e-11
5.780000000000000000e+03   9.79411e-11
5.796000000000000000e+03   9.73115e-11
5.812000000000000000e+03   9.70442e-11
5.828000000000000000e+03   9.66010e-11
5.844000000000000000e+03   9.61613e-11
5.860000000000000000e+03   9.53730e-11
5.876000000000000000e+03   9.39847e-11
5.892000000000000000e+03   9.20228e-11
5.908000000000000000e+03   9.20322e-11
5.924000000000000000e+03   9.16201e-11
5.940000000000000000e+03   9.09594e-11
5.956000000000000000e+03   8.98072e-11
5.972000000000000000e+03   8.93267e-11
5.988000000000000000e+03   8.86048e-11
6.004000000000000000e+03   8.78091e-11
6.020000000000000000e+03   8.71019e-11
6.036000000000000000e+03   8.64813e-11
6.052000000000000000e+03   8.57873e-11
6.068000000000000000e+03   8.51784e-11
6.084000000000000000e+03   8.48091e-11
6.100000000000000000e+03   8.38226e-11
6.116000000000000000e+03   8.31545e-11
6.132000000000000000e+03   8.22652e-11
6.148000000000000000e+03   8.10873e-11
6.164000000000000000e+03   8.05927e-11
6.180000000000000000e+03   8.04718e-11
6.196000000000000000e+03   8.01305e-11
6.212000000000000000e+03   7.94983e-11
6.228000000000000000e+03   7.85821e-11
6.244000000000000000e+03   7.73918e-11
6.260000000000000000e+03   7.69258e-11
6.276000000000000000e+03   7.54145e-11
6.292000000000000000e+03   7.44806e-11
6.308000000000000000e+03   7.47201e-11
6.324000000000000000e+03   7.45482e-11
6.340000000000000000e+03   7.40359e-11
6.356000000000000000e+03   7.35280e-11
6.372000000000000000e+03   7.29574e-11
6.388000000000000000e+03   7.29274e-11
6.404000000000000000e+03   7.25635e-11
6.420000000000000000e+03   7.18043e-11
6.436000000000000000e+03   7.12506e-11
6.452000000000000000e+03   7.04420e-11
6.468000000000000000e+03   6.99006e-11
6.484000000000000000e+03   6.93002e-11
6.500000000000000000e+03   6.86426e-11
6.516000000000000000e+03   6.76174e-11
6.532000000000000000e+03   6.53324e-11
6.548000000000000000e+03   5.69906e-11
6.564000000000000000e+03   4.69985e-11
6.580000000000000000e+03   5.80723e-11
6.596000000000000000e+03   6.40707e-11
6.612000000000000000e+03   6.52462e-11
6.628000000000000000e+03   6.53515e-11
6.644000000000000000e+03   6.50971e-11
6.660000000000000000e+03   6.49041e-11
6.676000000000000000e+03   6.44745e-11
6.692000000000000000e+03   6.42849e-11
6.708000000000000000e+03   6.38608e-11
6.724000000000000000e+03   6.33819e-11
6.740000000000000000e+03   6.29073e-11
6.756000000000000000e+03   6.23794e-11
6.772000000000000000e+03   6.19708e-11
6.788000000000000000e+03   6.13956e-11
6.804000000000000000e+03   6.09947e-11
6.820000000000000000e+03   6.04299e-11
6.836000000000000000e+03   6.00920e-11
6.852000000000000000e+03   5.90454e-11
6.868000000000000000e+03   5.15656e-11
6.884000000000000000e+03   5.09494e-11
6.900000000000000000e+03   5.26166e-11
6.916000000000000000e+03   5.49934e-11
6.932000000000000000e+03   5.61182e-11
6.948000000000000000e+03   5.61696e-11
6.964000000000000000e+03   5.62216e-11
6.980000000000000000e+03   5.60157e-11
6.996000000000000000e+03   5.52486e-11
7.012000000000000000e+03   5.49461e-11
7.028000000000000000e+03   5.46459e-11
7.044000000000000000e+03   5.43979e-11
7.060000000000000000e+03   5.40022e-11
7.076000000000000000e+03   5.36593e-11
7.092000000000000000e+03   5.33683e-11
7.108000000000000000e+03   5.27869e-11
7.124000000000000000e+03   5.24533e-11
7.140000000000000000e+03   5.21704e-11
7.156000000000000000e+03   5.13665e-11
7.172000000000000000e+03   4.94243e-11
7.188000000000000000e+03   4.75997e-11
7.204000000000000000e+03   4.80035e-11
7.220000000000000000e+03   4.92205e-11
7.236000000000000000e+03   4.77995e-11
7.252000000000000000e+03   4.74575e-11
7.268000000000000000e+03   4.72923e-11
7.284000000000000000e+03   4.71282e-11
7.300000000000000000e+03   4.70083e-11
7.316000000000000000e+03   4.71925e-11
7.332000000000000000e+03   4.75090e-11
7.348000000000000000e+03   4.73023e-11
7.364000000000000000e+03   4.70536e-11
7.380000000000000000e+03   4.68067e-11
7.396000000000000000e+03   4.66044e-11
7.412000000000000000e+03   4.62754e-11
7.428000000000000000e+03   4.59914e-11
7.444000000000000000e+03   4.56255e-11
7.460000000000000000e+03   4.53047e-11
7.476000000000000000e+03   4.50279e-11
7.492000000000000000e+03   4.47533e-11
7.508000000000000000e+03   4.44808e-11
7.524000000000000000e+03   4.41289e-11
7.540000000000000000e+03   4.39418e-11
7.556000000000000000e+03   4.35950e-11
7.572000000000000000e+03   4.32513e-11
7.588000000000000000e+03   3.72706e-11
7.604000000000000000e+03   1.82279e-11
7.620000000000000000e+03   2.37089e-11
7.636000000000000000e+03   2.42934e-11
7.652000000000000000e+03   3.08795e-11
7.668000000000000000e+03   3.71071e-11
7.684000000000000000e+03   3.98883e-11
7.700000000000000000e+03   4.07230e-11
7.716000000000000000e+03   4.08542e-11
7.732000000000000000e+03   4.06478e-11
7.748000000000000000e+03   4.04428e-11
7.764000000000000000e+03   3.95412e-11
7.780000000000000000e+03   3.88384e-11
7.796000000000000000e+03   3.97628e-11
7.812000000000000000e+03   3.95272e-11
7.828000000000000000e+03   3.92572e-11
7.844000000000000000e+03   3.89893e-11
7.860000000000000000e+03   3.86879e-11
7.876000000000000000e+03   3.82833e-11
7.892000000000000000e+03   3.79530e-11
7.908000000000000000e+03   3.78693e-11
7.924000000000000000e+03   3.77165e-11
7.940000000000000000e+03   3.74955e-11
7.956000000000000000e+03   3.72076e-11
7.972000000000000000e+03   3.71267e-11
7.988000000000000000e+03   3.68761e-11
8.004000000000000000e+03   3.65937e-11
8.020000000000000000e+03   3.63808e-11
8.036000000000000000e+03   3.61361e-11
8.052000000000000000e+03   3.59926e-11
8.068000000000000000e+03   3.56853e-11
8.084000000000000000e+03   3.54461e-11
8.100000000000000000e+03   3.51763e-11
8.116000000000000000e+03   3.48126e-11
8.132000000000000000e+03   3.40742e-11
8.148000000000000000e+03   3.33825e-11
8.164000000000000000e+03   3.26148e-11
8.180000000000000000e+03   3.23977e-11
8.196000000000000000e+03   3.24502e-11
8.212000000000000000e+03   3.27433e-11
8.228000000000000000e+03   3.13785e-11
8.244000000000000000e+03   3.22511e-11
8.260000000000000000e+03   3.24236e-11
8.276000000000000000e+03   3.20317e-11
8.292000000000000000e+03   3.17323e-11
8.308000000000000000e+03   3.17854e-11
8.324000000000000000e+03   3.16633e-11
8.340000000000000000e+03   3.15710e-11
8.356000000000000000e+03   3.18291e-11
8.372000000000000000e+03   3.16200e-11
8.388000000000000000e+03   3.14415e-11
8.404000000000000000e+03   3.13219e-11
8.420000000000000000e+03   3.10596e-11
8.436000000000000000e+03   3.04893e-11
8.452000000000000000e+03   3.04020e-11
8.468000000000000000e+03   3.02872e-11
8.484000000000000000e+03   3.09613e-11
8.500000000000000000e+03   2.93213e-11
8.516000000000000000e+03   3.06161e-11
8.532000000000000000e+03   3.00552e-11
8.548000000000000000e+03   2.79957e-11
8.564000000000000000e+03   3.08651e-11
8.580000000000000000e+03   3.06652e-11
8.596000000000000000e+03   2.74301e-11
8.612000000000000000e+03   2.93909e-11
8.628000000000000000e+03   3.15210e-11
8.644000000000000000e+03   3.03802e-11
8.660000000000000000e+03   2.60247e-11
8.676000000000000000e+03   2.71008e-11
8.692000000000000000e+03   3.06042e-11
8.708000000000000000e+03   3.15198e-11
8.724000000000000000e+03   3.04642e-11
8.740000000000000000e+03   2.66562e-11
8.756000000000000000e+03   2.47178e-11
8.772000000000000000e+03   2.89883e-11
8.788000000000000000e+03   3.09771e-11
8.804000000000000000e+03   3.11789e-11
8.820000000000000000e+03   3.07811e-11
8.836000000000000000e+03   2.93704e-11
8.852000000000000000e+03   2.53243e-11
8.868000000000000000e+03   2.31403e-11
8.884000000000000000e+03   2.73655e-11
8.900000000000000000e+03   2.94063e-11
8.916000000000000000e+03   2.97359e-11
8.932000000000000000e+03   2.96567e-11
8.948000000000000000e+03   2.93879e-11
8.964000000000000000e+03   2.83542e-11
8.980000000000000000e+03   2.69072e-11
8.996000000000000000e+03   2.40061e-11
9.012000000000000000e+03   2.01548e-11
9.028000000000000000e+03   2.25340e-11
9.044000000000000000e+03   2.64301e-11
9.060000000000000000e+03   2.67771e-11
9.076000000000000000e+03   2.63167e-11
9.092000000000000000e+03   2.61518e-11
9.108000000000000000e+03   2.65445e-11
9.124000000000000000e+03   2.66471e-11
9.140000000000000000e+03   2.64076e-11
9.156000000000000000e+03   2.61462e-11
9.172000000000000000e+03   2.58876e-11
9.188000000000000000e+03   2.56318e-11
9.204000000000000000e+03   2.42811e-11
9.220000000000000000e+03   2.03497e-11
9.236000000000000000e+03   1.93844e-11
9.252000000000000000e+03   2.28639e-11
9.268000000000000000e+03   2.42800e-11
9.284000000000000000e+03   2.44653e-11
9.300000000000000000e+03   2.32196e-11
9.316000000000000000e+03   2.07378e-11
9.332000000000000000e+03   1.90753e-11
9.348000000000000000e+03   1.81879e-11
9.364000000000000000e+03   1.89451e-11
9.380000000000000000e+03   1.94812e-11
9.396000000000000000e+03   2.20462e-11
9.412000000000000000e+03   2.14317e-11
9.428000000000000000e+03   1.98967e-11
9.444000000000000000e+03   1.93780e-11
9.460000000000000000e+03   1.97806e-11
9.476000000000000000e+03   2.01359e-11
9.492000000000000000e+03   1.95571e-11
9.508000000000000000e+03   1.96898e-11
9.524000000000000000e+03   1.78971e-11
9.540000000000000000e+03   1.54641e-11
9.556000000000000000e+03   1.55549e-11
9.572000000000000000e+03   1.86903e-11
9.588000000000000000e+03   1.96139e-11
9.604000000000000000e+03   2.02449e-11
9.620000000000000000e+03   2.04207e-11
9.636000000000000000e+03   2.07122e-11
9.652000000000000000e+03   2.09115e-11
9.668000000000000000e+03   2.11129e-11
9.684000000000000000e+03   2.17526e-11
9.700000000000000000e+03   2.19825e-11
9.716000000000000000e+03   2.17894e-11
9.732000000000000000e+03   2.13804e-11
9.748000000000000000e+03   2.09406e-11
9.764000000000000000e+03   2.11235e-11
9.780000000000000000e+03   2.10932e-11
9.796000000000000000e+03   2.09857e-11
9.812000000000000000e+03   2.13062e-11
9.828000000000000000e+03   2.11004e-11
9.844000000000000000e+03   2.11874e-11
9.860000000000000000e+03   2.11187e-11
9.876000000000000000e+03   2.10697e-11
9.892000000000000000e+03   2.09051e-11
9.908000000000000000e+03   2.09531e-11
9.924000000000000000e+03   2.10013e-11
9.940000000000000000e+03   2.07801e-11
9.956000000000000000e+03   2.07134e-11
9.972000000000000000e+03   2.05332e-11
9.988000000000000000e+03   2.03172e-11
1.000400000000000000e+04   1.98643e-11
1.002000000000000000e+04   1.92613e-11
1.003600000000000000e+04   1.68461e-11
1.005200000000000000e+04   1.48839e-11
1.006800000000000000e+04   1.74636e-11
1.008400000000000000e+04   1.88780e-11
1.010000000000000000e+04   1.94705e-11
1.011600000000000000e+04   1.97335e-11
1.013200000000000000e+04   1.97438e-11
1.014800000000000000e+04   1.96454e-11
1.016400000000000000e+04   2.00767e-11
1.018000000000000000e+04   1.98119e-11
1.019600000000000000e+04   1.96952e-11
1.021200000000000000e+04   1.94715e-11
1.022800000000000000e+04   1.92504e-11
1.024400000000000000e+04   1.90670e-11
1.026000000000000000e+04   1.94324e-11
1.027600000000000000e+04   1.91061e-11
1.029200000000000000e+04   1.89069e-11
1.030800000000000000e+04   1.87790e-11
1.032400000000000000e+04   1.83622e-11
1.034000000000000000e+04   1.82045e-11
1.035600000000000000e+04   1.80151e-11
1.037200000000000000e+04   1.76805e-11
1.038800000000000000e+04   1.78056e-11
1.040400000000000000e+04   1.74912e-11