START 65
DY0 2450
AUTO 0
COEFFS 944.813121225873 0.00488222516574843 -4.1254228464316e-07 2.03773122809213e-11 3.94531664801872e-16
MATCH_LAM 938.58466 939.15067 939.31616 941.66713 943.41871 931.29986 931.04496 947.328 947.74785 946.7195 932.02862 946.97925
MATCH_PIX -1156.3926883477 -1059.95726626539 -1031.66131962762 -611.790843509195 -278.856434127253 -2280.91857564433 -2316.91992208815 538.911227360772 634.149533175885 404.100389145444 -2176.84428527313 461.007782417061
MATCH_LRES -0.000216483314261495 -0.000237285624166361 0.000848567976049708 -7.00833999189854e-05 -0.000452183069455714 0.000117367681127689 0.000212869794154358 0.000382937935341943 -0.000690394183266108 -0.000518533866284088 -0.000424282048811619 0.00104750512366536
GUESS_LAM 939.15067 938.675149426876 938.83407232705 941.662160115256 943.415562020327 931.257639910755 931.044444069499 947.321262217556 947.74937469843 946.720370664164 932.027918907797 946.978218482056
STOP 65
START 66
DY0 2450
AUTO 0
COEFFS 930.489735210794 0.00480810854018792 -3.97330734542163e-07 5.39308899364173e-11 5.58477395920296e-14 3.20532107835918e-17 5.97114777298255e-21
MATCH_LAM 923.63913 923.00441 926.28665 927.26938 927.88186 929.21114 931.04496 919.9684 918.12986 917.33389 916.84106 923.50295 931.29986 932.02862 934.4094 926.6207 929.75245
MATCH_PIX -1279.72992902572 -1385.70251319318 -816.102361254987 -634.908931798956 -519.191251681826 -260.284139244891 116.55471965027 -1868.99094995 -2144.23422552896 -2259.97266599606 -2331.00975164548 -1302.71385910411 170.808574455429 328.429550907348 859.156168519803 -755.062381188005 -151.268751335323
MATCH_LRES 0.000217932914665653 -0.000698547516321923 -0.000165060420272312 0.000167255731071236 0.000139008967494192 0.000528585942674908 0.00011838010414067 2.24295924908802e-05 0.000304769724607468 -0.000535347956883925 0.000262268097799279 0.000561063669124451 0.000129865697090281 -7.20211859288611e-05 4.41674501416855e-08 -0.000263970777382383 -0.000716920228001072
GUESS_LAM 923.631176597421 923.023668686939 926.612993172569 927.264635807731 927.880081295007 929.206502205857 931.037485869299 920.005997654752 918.11941211519 917.331945735151 916.837535322944 923.502292214485 931.299644594691 932.020654474127 934.411167978385 926.621013997752 929.753566424238
STOP 66
START 67
DY0 2450
AUTO 0
COEFFS 916.595880943664 0.0047346405568308 -4.10709954654721e-07 2.49928856690092e-12 2.54423984133602e-15 7.29187094233359e-18 1.83990824241457e-21
MATCH_LAM 904.26044 905.07338 914.30646 922.7512 906.86 919.9684 904.03747 906.50506 909.33139 910.97266 918.12986 921.11082 921.84488 913.47804
MATCH_PIX -2169.93431933254 -2048.10080565462 -464.986714071371 1468.56211670719 -1771.38923567456 761.705244783428 -2202.91059231936 -1827.41348305682 -1367.91067820984 -1084.10630153589 333.650387687514 1044.66913288329 1232.36850434187 -624.247128357994
MATCH_LRES 0.000153650195443333 0.0010171653082125 0.001196934774498 -4.12962491509461e-05 -0.00108065549920866 0.000220280227949843 -0.000501207763250022 -0.000173183897572926 0.000945524924759411 -6.29059408083776e-05 -0.000171358409261302 -0.000315936600031819 0.000216876508829955 -0.00140390393755752
GUESS_LAM 904.701771524857 905.012956254099 914.260747776938 922.72494654706 906.861960028113 919.968393818877 904.038384972143 906.504804071974 909.330520040722 910.97579904377 918.1233242992 921.118497077802 921.850265049267 913.480458710604
STOP 67
START 68
DY0 2450
AUTO 0
COEFFS 903.111505309103 0.00466181602691972 -3.98732854986667e-07 1.5005325701527e-11 -3.49921724773719e-15 -2.73679194339633e-18 1.73386240647579e-21
MATCH_LAM 904.26044 890.81015 906.86 906.6448 901.90654 901.50003 905.07338 906.50506 909.33139 897.01022 894.8421 892.7729
MATCH_PIX 251.863781711773 -2235.74500763922 866.851605317803 813.083023607676 -252.832746179974 -336.0499818322 436.919134212923 778.690584634896 1526.25057062262 -1184.28528964286 -1559.96351206864 -1907.03974453823
MATCH_LRES -0.000137488247901274 6.09501946655655e-05 -0.000181940259608382 0.000390195683735328 -0.000563266005428886 0.0007564716337356 6.29864339316555e-05 -0.000183733912535899 -1.53102166677854e-06 -0.000481825427641525 0.000584384942953875 -0.000305206614598319
GUESS_LAM 904.245281227122 890.765291458252 907.227156108922 906.636052526864 901.930343703564 901.506054672295 905.073817445746 906.505974214185 909.326073484922 897.00532081902 894.8417154119 892.775572177854
STOP 68
START 69
DY0 2450
AUTO 0
COEFFS 890.016642906344 0.00459700149637718 -3.90827991011849e-07 8.01111346279646e-12 -2.28162191332675e-15 4.20413514242944e-19
MATCH_LAM 883.21184 877.79832 877.52144 881.85937 885.1745 885.73393 887.12685 887.76693 889.16345 889.54282 891.33031 893.05436 896.04453 895.83054 878.69681 885.52224 884.36109 886.14505 889.59816
MATCH_PIX -1325.04468116418 -2207.97860373485 -2250.02079726139 -1557.92413436362 -971.085298794226 -866.176228542525 -598.018596998531 -470.336318641704 -182.958281666995 -102.217336843813 293.081751762307 702.164605944874 1497.85130188248 1436.72389269881 -2069.9520510715 -906.136110750846 -1120.27254107299 -788.135593889117 -90.1401423411829
MATCH_LRES 1.11473427750752e-05 -0.000365214411999659 0.000725384904967541 0.000687671668742951 0.000219165302837609 -0.000981012178385754 0.00110710534943337 -0.000163786126904597 0.00100076516559966 0.000162674682201214 -0.000244992724901749 0.000266765128117186 0.000501358558722131 -0.00059740244682871 -0.000763467245860738 -0.000236351338685381 0.00043364189730255 -0.000836509341752389 -0.000926943276112979
GUESS_LAM 883.331652044422 878.081597619918 877.518450819663 881.862050997943 885.170209489686 885.729805628531 887.108189428391 887.772064715882 889.173439791548 889.545437671403 891.331007590652 893.050324070886 896.048447449038 895.832825445635 878.698137904805 885.522622963574 884.360635636163 886.146067702384 889.599364236216
STOP 69
START 70
DY0 2450
AUTO 0
COEFFS 877.296662633198 0.00453234093499208 -3.74783274444097e-07 8.63884208898958e-12 -1.02360421528827e-14 -3.6221434477201e-18
MATCH_LAM 864.8396 875.04334 875.15724 876.28554 877.79832 877.52144 881.26733 870.7359 873.48222 876.91525 881.85937 869.02342 865.15247 880.70071
MATCH_PIX -2282.90406974436 -478.024813715446 -454.797443073031 -218.873776120286 111.815072486334 49.8444503284552 952.127310167056 -1300.18774732481 -788.525937066115 -83.7870648063286 1110.84276186132 -1599.50108277967 -2233.94068367079 804.589434331059
MATCH_LRES -0.00071382771466233 0.000277384182936657 0.000574987710251662 -0.00104553899438997 -0.000451307671141876 -0.000204543802283297 -0.00114986176572529 0.000479545475741361 -0.000455505217587415 0.000975562013991293 0.000332503850472676 -0.00048232693711725 0.000856513347684995 0.00100641496169374
GUESS_LAM 865.178266601313 875.046501172845 875.157606938724 876.286154723416 877.791202234255 877.521862867356 881.266560493043 870.725015656838 873.481550011149 876.913853072867 881.86341006305 869.025110015383 865.151318388074 880.696848167698
STOP 70
START 71
DY0 2450
AUTO 0
COEFFS 864.935466009875 0.00446178842161759 -3.81153417097337e-07 1.29030539569701e-11 9.48889509081097e-17 -9.42105064072568e-19 -6.52325748083451e-22
MATCH_LAM 854.21391 855.72943 857.05626 857.96331 859.41989 859.54694 861.85887 863.15118 864.18147 864.76833 871.1626 870.6093 869.02342 862.36907 864.0735 870.97506 863.37274 857.54757
MATCH_PIX -2025.83347360487 -1776.66339973578 -1549.99571605691 -1389.96705048031 -1124.29653483839 -1100.44049557504 -652.254888728189 -387.067620854371 -166.692316621467 -37.3783044659425 1609.47130159669 1443.27183435071 998.978581492305 -549.030256378601 -190.019670825439 1552.86135362544 -340.137604368217 -1463.79428111499
MATCH_LRES 0.000161880764949274 -0.000561567698468934 0.00038150161071826 8.68888174636595e-05 0.000402215295935093 -0.000334707592628547 -0.000713804188308131 0.000572875545458373 0.000400275855213295 0.00017127357773461 0.000434087934195304 0.000808324160061602 -0.000274314087619132 0.000251172045068415 -0.000287751972791739 -0.00105406470368052 -0.000503769275042032 5.94813709540176e-05
GUESS_LAM 854.49468178838 855.65148803871 856.923376954954 857.800761725173 859.414801559414 859.546960130045 861.843240342577 863.161737347435 864.186191056859 864.768640626276 870.929780913656 870.610414998592 869.027600800769 862.368575875273 864.0738387066 870.976703646596 863.373347434086 857.547492653245
STOP 71
START 72
DY0 2450
AUTO 0
COEFFS 852.918244092791 0.00440130019991923 -3.74378647277032e-07 9.77840589810857e-12 -2.3503074554366e-15
MATCH_LAM 842.03114 842.35395 844.78077 844.88325 846.65624 847.41538 851.29622 851.88941 854.21391 855.72943 857.05626 857.54757 857.96331 840.1989 841.90397
MATCH_PIX -2076.88670977186 -2024.29147981833 -1614.28087209217 -1596.36963734354 -1277.84909396571 -1136.27197281761 -357.446130907339 -229.28035114797 302.009013300784 677.067388949489 1028.51067264526 1164.61676324023 1282.987785966 -2367.1040043571 -2097.38387923693
MATCH_LRES 9.46407961919249e-05 -8.94283040224764e-05 0.000149692472064089 0.000216954718666784 0.000185996194204563 -0.000161140312229691 -0.000477904585409306 0.000102808921496944 0.000330640793208659 0.000290705370275646 -0.000746603291418069 0.00015740267201636 0.000217779394120043 0.000186164319643467 -0.000457708942235513
GUESS_LAM 842.311295851698 842.336518673191 844.654058109105 844.752750882071 846.653778995923 847.414192977009 851.257977649679 851.890953633053 854.222700286183 855.729702365388 857.056446986069 857.54589244001 857.96252798937 840.198566045854 841.904547623018
STOP 72
START 73
DY0 2450
AUTO 0
COEFFS 841.230497296564 0.00434265008780862 -3.69329250703549e-07 8.21599642304121e-12 -2.3679171299492e-15 2.88280217770626e-19
MATCH_LAM 832.31423 833.27389 836.10232 836.96932 838.15288 839.08415 841.90397 842.03114 842.35395 844.78077 844.88325 847.41538 831.39151 829.48064 846.65624 833.79976 835.83657 838.94102 838.80325
MATCH_PIX -1769.81288894075 -1601.83473844111 -1078.70173611315 -909.035543048971 -669.960030718135 -474.864881040826 157.134838051839 187.269800372601 264.624601985657 882.876478494059 910.637869570401 1650.7472544306 -1927.03836650338 -2240.14967509254 1416.3321478486 -1507.95617614104 -1129.84545027986 -505.198061628348 -534.183543792792
MATCH_LRES 1.99332117745143e-05 -0.000348494433751512 -6.29276198651496e-05 -0.000392865508274554 0.000543393389762059 0.000114370536607566 0.00017986467105402 0.000296744112119995 2.3586063662151e-06 -0.000239524945300218 -0.000314992303628969 -0.000233391327242316 6.94688519615738e-05 -2.10988526987421e-05 0.000523655685583435 0.000282577944631157 0.000303138409435633 -9.37050062930211e-05 -0.000628505193617457
GUESS_LAM 832.276995712061 833.201342432578 836.178785926665 836.969112919852 838.152171458952 839.081304222703 841.88421259607 842.029064512208 842.353317753457 844.786874802084 844.883861919957 847.431768385491 831.390348137451 829.477724983284 846.65499445565 833.799126317535 835.835912736721 838.940979681444 838.803995599317
STOP 73
START 74
DY0 2450
AUTO 0
COEFFS 829.857534598229 0.00428421750154336 -3.64072476036169e-07 9.35943838985251e-12 -6.69349209679026e-16 8.03461605942251e-19
MATCH_LAM 818.9162 820.44017 825.4662 826.32851 827.79013 831.39151 832.31423 833.27389 833.79976 821.94853 825.58843 829.48064 829.78298 817.94269 820.06959
MATCH_PIX -2134.08162703706 -1877.84767764419 -946.749137235783 -772.051903370585 -464.146408368343 369.516267379105 603.797602744536 858.931732289264 1003.4060962617 -1612.82124006316 -922.066248633797 -87.2619191675883 -17.2962528302773 -2292.14879326792 -1940.95087503926
MATCH_LRES 4.71483169803832e-05 0.000638185903653721 0.000166492390121675 0.000389576730299268 0.00051663001227098 0.00013334233904061 0.000589826000691573 -0.000837768587189203 0.000378149580342324 0.000257053153177367 -0.000878916300052879 -0.000267013224288348 -0.000344724598676294 6.42233690086869e-05 -0.00085219680750015
GUESS_LAM 819.180056867391 820.365577288551 825.264713142789 826.327156533243 827.798481843363 831.381966654571 832.321515099632 833.288324017966 833.80649835317 821.950012840193 825.589515854086 829.484834657189 829.785671817532 817.944162270896 820.070847468555
STOP 74
START 75
DY0 2450
AUTO 0
COEFFS 818.790942306076 0.00422877111732356 -3.62457991959616e-07 7.47083909347424e-12 -1.27563427982205e-15 5.92389348297869e-19
MATCH_LAM 808.74423 807.78725 809.44625 813.16403 812.49568 814.21412 814.53769 816.19711 816.53653 816.86929 817.20326 818.9162 821.94853 823.72018 814.01738 819.31367
MATCH_PIX -2006.83871293647 -2167.89967458911 -1885.96053855577 -1202.71329461688 -1331.06633192221 -995.237540888802 -929.979982878639 -583.832838848812 -510.408231767769 -437.918700414016 -364.039990052457 29.713315977556 800.806355775704 1308.87164731683 -1034.44108051083 124.997431033487
MATCH_LRES -0.000131393744368324 -4.21115055360133e-06 0.000198184820646929 0.000546737934200792 -0.000209060294082519 1.78234023451296e-05 0.000271673990823729 0.000285989733356473 -0.00048591451638913 0.000399087729533676 0.000180894046479807 -7.33061588107375e-05 9.47562710962302e-05 -2.13634011743125e-05 -0.000860940776647112 -0.000208956079404743
GUESS_LAM 808.955333866716 807.833758579465 809.416218017668 813.031856583633 812.498353742994 814.20754102578 814.534644161039 816.199950329394 816.53789422326 816.869295313237 817.204071355457 818.923579099529 821.962328300331 823.73803296915 814.018415268348 819.314588488248
STOP 75
START 76
DY0 2450
AUTO 0
COEFFS 808.014240251011 0.00417182761242325 -3.5639566554677e-07 1.04079044953581e-11 -1.96606679590135e-15 -1.4129002470665e-19
MATCH_LAM 797.47888 799.01701 809.44625 808.74423 807.78725 805.67505 805.28619 802.79343 806.48476 812.49568 813.16403 799.58794 799.43569 797.63524
MATCH_PIX -2112.64284227568 -1845.14314831121 353.748463196341 177.599875042062 -54.1238809743939 -535.728274007212 -620.650271340107 -1136.65310508611 -355.402727417366 1192.61334701177 1396.05040271212 -1743.14123232455 -1770.81211173229 -2085.91981623074
MATCH_LRES 0.000266084532654531 -0.00109493437673791 0.000401614142333528 0.000258694971080331 -0.000149059389400463 -0.000180986738541833 0.00124873732431752 -0.000135201382931882 -0.00128682026513616 -0.000363023674367469 0.000206803415153445 -0.000287724811187218 0.00121544363457815 -9.96290597186089e-05
GUESS_LAM 797.703339435601 798.956737830943 809.331690458964 808.748435524954 807.786272357588 805.675016814677 805.28489277792 802.794578900512 806.486198806133 812.51508021826 813.178703010414 799.588460375319 799.434113247355 797.635336884472
STOP 76
START 77
DY0 2450
AUTO 0
COEFFS 797.517261835039 0.00412146406269819 -3.50828889580281e-07 9.95738111858267e-12 -2.39630468516107e-15 -3.42186103403703e-19
MATCH_LAM 786.8195 790.24933 790.1796 794.39104 795.67802 797.47888 797.63524 799.01701 802.79343 799.43569 799.58794 788.84525
MATCH_PIX -2163.82013940529 -1548.03180830821 -1561.08361371129 -714.011794086337 -430.268535236772 -9.40491578630208 28.6435106070999 375.997473616928 1456.4220312564 485.086170284074 525.703488920898 -1807.09785495718
MATCH_LRES 0.000148520798234131 0.000611169211993001 0.000192006157817559 -0.000406882865490843 -8.59730180309271e-05 0.000411227360473276 0.000212570787311961 -0.000792623649772395 5.77618982333661e-06 0.000721288948966503 -0.000283243327771743 -0.000733836004087607
GUESS_LAM 787.038917573771 790.137537690878 790.069826653249 794.371726808738 795.6682235893 797.483646910604 797.635833146079 799.026769536101 802.789440080546 799.432329487893 799.587313435286 788.846685676244
STOP 77
START 78
DY0 2450
AUTO 0
COEFFS 787.290597947662 0.00407213535025147 -3.47211451933839e-07 7.00275088628951e-12 -4.61868389285469e-15 -8.77462380544907e-19
MATCH_LAM 778.4458 778.06327 782.454 783.77768 783.86158 784.44232 784.39486 785.0614 784.96985 786.81339 786.61854 788.84525 790.24933 790.1796 791.86192 777.88126 781.00243 780.66775 781.56259 781.8304 779.10774 781.61229 781.99209 783.66133
MATCH_PIX -1857.86662574426 -1926.94002322418 -1084.04177395176 -805.973164793118 -787.906905524736 -661.368746766859 -671.842957612749 -523.75629113207 -544.303793221269 -116.062297425253 -162.862859794037 395.115024335859 777.855965329157 758.067495209496 1257.52027138475 -1959.90367013187 -1375.28037161556 -1440.76201324597 -1264.80578635661 -1211.06108477614 -1736.5252695855 -1254.43480302551 -1178.33897945518 -830.924397504025
MATCH_LRES -0.000343226148061149 -0.000866388409235697 -0.000223237521367992 -2.3245223928825e-05 -6.76480495940268e-05 -0.000423154071427234 -0.000236140427659848 0.000174948242829487 9.06685485233538e-05 0.00010230118959953 0.000384605061185539 -0.000415522118373701 -7.40705112320938e-05 0.000273636795327548 -2.17205570152146e-05 0.000865027919417116 -0.000704431430108343 0.000267310034814727 0.00104699455948776 0.000738854172595893 0.000344644845881703 -0.00117072681825903 0.000313157087248328 -3.26319826626786e-05
GUESS_LAM 778.592503114618 778.075616604364 782.37606614677 783.691124334293 783.861391134855 784.441387655683 784.394446286194 785.058735924043 784.969046966639 786.81502510205 786.618317329424 788.843144645633 790.248376682285 790.179157572146 791.869235165571 777.879674297183 781.002134184469 780.666611734102 781.561227233645 781.829653086894 779.107398063098 781.613608387184 781.991738156424 783.661367299317
STOP 78
START 79
DY0 2450
AUTO 0
COEFFS 777.322231273406 0.00402297816952148 -3.45131634971612e-07 6.13678915391028e-12 -1.58910595494229e-15 9.77288347928441e-19 1.60513188305672e-22
MATCH_LAM 766.2999 767.83324 768.74228 770.32276 771.23912 771.60608 773.1078 773.38663 774.46936 778.06327 778.4458 779.10774 780.66775 781.56259 781.61229 781.99209 782.454 769.38877 776.48682 776.38492 781.00243
MATCH_PIX -2263.25323792873 -1994.14598671794 -1828.6839973109 -1529.94957949615 -1349.83255817925 -1276.19881500042 -965.783852972567 -906.302537127173 -670.151005927357 187.087476919399 286.270221169958 462.062093957914 900.061627785135 1168.84987357106 1184.52397797185 1303.13327741466 1451.47030373467 -1708.08302149647 -204.07323921081 -228.29374799579 998.885547146179
MATCH_LRES -0.000138504827759789 0.000389502245525364 0.000235982941603652 0.00016568624505453 -0.000140642393489543 -0.000335476672944424 0.000415215247244305 6.88605125560571e-05 0.00041606353397583 0.000431623304848472 5.83702532139796e-05 -0.000226020109948877 9.10025853499974e-05 0.000248347963747619 -0.000795476424968911 1.32039463096589e-05 0.0001375296800461 -0.000610945190032908 -5.28187911186251e-07 -0.000825009566824519 0.000401216027171358
GUESS_LAM 766.525506659364 767.770437677091 768.650697042925 770.193858858181 771.236235748397 771.604309027314 773.095554147047 773.383482172664 774.465754398271 778.054999619074 778.445475965922 779.106266334028 780.661769353297 781.559494096916 781.612700634812 781.989816700206 782.450026577316 769.389526033393 776.487443058456 776.386118411261 781.001892621298
STOP 79
START 80
DY0 2450
AUTO 0
COEFFS 767.603638896643 0.00397377540282455 -3.40437051874683e-07 8.37509062817739e-12 -2.58222050907475e-15 1.64141522897305e-19 2.74396759807182e-22
MATCH_LAM 757.3117 758.24329 760.02972 762.78045 762.92745 764.94845 765.44265 765.59352 766.2999 768.74228 770.58052 771.23912 771.60608 773.1078 767.83324 757.54288 769.38877 767.10716
MATCH_PIX -2160.02706142603 -1991.76874157937 -1657.14879341741 -1105.3608670372 -1074.46970224973 -633.154192616498 -520.176509898691 -485.294439450606 -319.301582059727 293.853791247847 803.689640768475 998.71132954374 1110.78422985291 1597.94098091959 58.058516298968 -2118.54009283573 467.885745776544 -123.82025733381
MATCH_LRES 0.000371697805235272 -0.000115304334144639 6.17880841673468e-05 0.000156874028903076 0.000185371158750058 -0.00016070782260158 -0.000438914776282218 -0.000389960479083129 0.000102362203620032 0.000135097933707584 -0.000306238347661747 0.000177595367631511 0.00013922425284818 -3.47492934906768e-05 3.55318113633984e-05 -0.000355636399376635 -0.000354934847678123 0.000790901605341787
GUESS_LAM 757.487197170073 758.216724333668 759.960620427645 762.758481594275 762.92618146247 764.906584570015 765.440184575744 765.59174168547 766.293926026332 768.70583679232 770.568047332109 771.220561501476 771.608844970836 773.120318552274 767.835224549552 757.543372794172 769.389219190899 767.106742412286
STOP 80
START 81
DY0 2450
AUTO 0
COEFFS 758.125630374248 0.00392943501506181 -3.3919999405284e-07 3.2043105302478e-12 -1.74945632433466e-15 2.27459439664732e-18 6.28706907901182e-22
MATCH_LAM 748.34147 748.56865 750.10675 751.34182 752.52063 753.05622 753.32174 757.54288 760.02972 760.99174 762.78045 762.92745 755.13924 756.86129 763.7385 762.56669 758.24329
MATCH_PIX -2087.9678779277 -2046.74053390569 -1759.80094771077 -1519.06746602915 -1280.72797096134 -1169.12393369742 -1113.03840553592 -146.712001963141 506.833346570028 781.5296406547 1334.43026401357 1382.87161828819 -715.382649360503 -313.173865002976 1653.60383049652 1265.02918447363 30.1829456394274
MATCH_LRES -0.000256824959024016 0.000167061701745297 0.000569910818967401 -0.000785709912975108 0.00041596165840474 -2.62735829892335e-05 -0.000265276352251931 0.00105706137640027 -0.000733839005761183 0.000635815733403433 3.60747638978864e-05 -0.00139680537370168 0.00022568368751763 -0.000354501147171504 0.000266217979742578 0.00107881020778677 -0.000633369758588742
GUESS_LAM 748.502689275821 748.560953442836 750.057234506706 751.270331290108 752.514621487438 753.05529028883 753.321089113544 757.448190332184 759.922826170282 760.957687585799 762.735497334886 762.911447456037 755.139956078922 756.86241389081 763.726169935784 762.565033049153 758.244202503146
STOP 81
START 82
DY0 2450
AUTO 0
COEFFS 748.877866060079 0.0038823503752811 -3.34664319907376e-07 8.48137570953875e-12 -5.93982006501828e-16 -3.8654788065826e-20 -2.65024536208091e-22
MATCH_LAM 739.54742 741.17363 742.05932 741.98339 743.09866 743.22997 744.99 745.72612 748.34147 748.56865 750.10675 751.34182 753.32174 753.05622 738.0426
MATCH_PIX -2024.85605296678 -1716.40722665651 -1541.7312733115 -1556.8685973199 -1330.12547945265 -1302.89995328616 -925.694116427519 -760.838437849221 -136.598614790054 -79.1181785802411 325.724411227802 672.955147790436 1282.48561810041 1196.57108903035 -2296.27917950906
MATCH_LRES 0.000240322572153673 -0.000359572000320441 0.000129453888916942 -7.85998598757942e-05 3.18138163493131e-05 0.000148436365861926 8.42840718178195e-05 -0.000199762837496564 0.000194009794881822 4.7547505687362e-05 -0.00047162993666916 0.000432225252893659 0.000290711632601415 -0.000427974546710175 -6.12717218473335e-05
GUESS_LAM 739.689422108016 741.134314417066 742.004920109263 741.930276901193 743.097877314678 743.229631105528 744.982409096549 745.722213630345 748.308846582288 748.569388428412 750.115412050324 751.346677741776 753.33913720619 753.056809616735 738.045466955857
STOP 82
START 83
DY0 2450
AUTO 0
COEFFS 739.854287714792 0.003837538695132 -3.30623566726993e-07 8.75211414239516e-12 -1.32393224626346e-15 -6.5069367244759e-20 -1.42720375298408e-22
MATCH_LAM 732.68254 733.0304 733.75981 734.31739 739.54742 741.17363 742.05932 741.98339 743.09866 743.22997 744.99 729.82763 731.70815 733.15109 734.83666 736.0372 737.41487 737.2856 738.0426 741.37778
MATCH_PIX -1627.82528497444 -1557.99970596999 -1409.03509863017 -1292.7250342658 -79.3271993969837 354.544455011595 605.74344446663 583.794485530868 916.291847475258 956.875564236816 1535.77831664938 -2172.13925254943 -1819.14488449491 -1533.67079605378 -1182.62646490363 -919.795855412295 -603.774428471386 -634.015519589349 -454.136054563506 411.327681794278
MATCH_LRES 0.000145533045497359 -0.000116476243533725 -0.000379740985863464 -0.000461868519323616 -0.000361546809244828 -4.42992399030118e-05 2.78066336250049e-05 -0.000127374142039116 -1.79849722599101e-05 -3.84879309649477e-05 8.11745064766001e-06 -3.18206565452783e-05 9.31341318164414e-05 0.000200717080247159 0.000464904789510001 0.000181912081984592 0.00022070145030284 -0.000278908010614032 0.000140663454317291 0.000375015926920241
GUESS_LAM 732.666741793049 733.009800285027 733.756724984705 734.317610475311 739.541053615361 741.153173308034 742.058588261795 741.983372247694 743.100177037124 743.230605547512 745.001509841439 729.844362801449 731.706631395248 733.150808077529 734.835715906303 736.036723205636 737.41387773218 737.285389094723 738.041786205858 741.377269042986
STOP 83
START 84
DY0 2450
AUTO 0
COEFFS 731.044804850997 0.00379440758875499 -3.31318648221459e-07 1.13914276520677e-11 4.96382867201598e-15 2.11729069818117e-18
MATCH_LAM 720.99929 720.84691 723.2855 721.46774 724.40877 724.81245 725.73534 729.82763 731.70815 732.68254 733.0304 733.15109 735.53183 733.75981 730.01542 728.69106 722.1141
MATCH_PIX -2196.38603031422 -2224.23262104627 -1760.84273603491 -2109.7043985733 -1534.91394510945 -1451.47342555001 -1257.00115773936 -312.023526758165 177.47302159782 448.819554436302 548.829128835538 584.03678277751 1321.91407958398 764.899116047544 -265.034906337898 -589.559915143117 -1988.08853196493
MATCH_LRES 0.000191827682556323 -2.65526053908616e-05 -0.000359915166882274 -0.000215714432556524 0.000308195375964715 -0.000416620856412919 0.00048729847173945 -0.000668404120574451 0.000306631302123606 0.00020144332165728 0.000472391651555881 0.000233252344969515 9.1072967393302e-05 -0.000840462805399511 -0.000271058580779027 0.000331239606907729 0.000175375249000354
GUESS_LAM 721.151386358688 720.852322190465 723.230878974307 721.45347460895 724.338777482106 724.812248177509 725.741156646212 729.897625057844 731.724324491509 732.687748278835 733.029593788229 733.150845112461 735.516517378148 733.761422300846 730.015679263876 728.690585191166 722.113838495124
STOP 84
START 85
DY0 2450
AUTO 0
COEFFS 722.442548596634 0.00375445635360556 -3.26092888989843e-07 6.99079562200101e-12 4.32125509853735e-16 1.42948473271899e-18 1.70164865025212e-22
MATCH_LAM 715.22554 714.42999 712.65248 717.08712 717.53497 719.31148 724.40877 720.99929 720.84691 723.2855 725.73534 713.33245 715.55595 717.8164 724.81245 717.86994 720.37939 721.46774 722.29709 722.1141
MATCH_PIX -1668.70513508705 -1827.85943148672 -2168.9708797465 -1279.59617667221 -1182.14280729599 -780.231116451598 549.566643611747 -372.297817722605 -410.242594493685 229.061233480138 954.039776259733 -2040.72192890391 -1601.28883675182 -1120.22918468148 669.546510484877 -1108.21672282194 -525.163383358963 -254.021366425452 -38.4090475575738 -87.0596306807317
MATCH_LRES 5.76696821781297e-05 0.000248914154326485 -8.01438989128656e-06 0.000338256940153769 -3.21166091907799e-05 0.000322821411145924 0.000109027790358596 7.78447911216062e-05 -3.33505743128626e-05 -2.53517852115692e-05 1.11526057935407e-05 -4.69918962835436e-05 -0.000442893306058068 0.000253939645745049 -8.95661114554969e-05 -0.000430870011882689 -0.000487094079176131 5.95394158153795e-05 -0.000772038553236598 0.00088916379127113
GUESS_LAM 715.312249632768 714.441590454337 712.704630925169 717.071248345187 717.533830489468 719.297015963933 724.283471157509 721.000141422549 720.84706418972 723.284901404489 725.735136516009 713.332633367255 715.556517050158 717.816289561727 724.812844427638 717.87053558873 720.379995792072 721.46760787681 722.297830231138 722.112934688192
STOP 85
START 86
DY0 2450
AUTO 0
COEFFS 714.040734269624 0.00371555722874468 -3.2012255864342e-07 5.99715372182423e-12 -2.35801352691152e-15 6.08263258290329e-19 2.08253914658098e-22
MATCH_LAM 711.18203 709.12941 707.43439 706.26007 705.55645 704.77399 715.22554 715.55595 717.08712 717.53497 717.8164 719.31148 703.82233 706.33412 707.72844 708.61222 713.33245 706.63994 711.48799 713.26893 714.42999 717.86994
MATCH_PIX -723.367389768437 -1194.64151874906 -1558.22386820843 -1798.27721969083 -1937.81715770234 -2089.20415174521 328.136385809106 423.075114564518 886.869693135523 1030.77587965244 1123.0204246392 1646.50321876797 -2268.83919432369 -1783.26602895681 -1496.74010331069 -1307.84473647509 -187.666169062415 -1721.73002125511 -650.02539986341 -204.196000887772 105.775597416703 1140.97809693699
MATCH_LRES -0.000477640961548786 0.000205840573130445 -0.000198641627434881 8.02651577487268e-05 0.0003737595208122 -0.000420650479327378 -0.000122202674333494 0.000167443620512131 -0.000200507148974793 -0.000404866828489503 0.00050199558688746 -3.64604014748693e-05 0.000157441365900013 -0.000658767100048863 0.000248073051579922 1.3570646729022e-05 0.000317081358616633 0.000455944381542395 -0.000152317254446643 0.000300851025826887 -0.000184681946279852 3.44693082752201e-05
GUESS_LAM 711.179221815222 709.125836333178 707.440747286363 706.260408179918 705.556638523978 704.775481797449 715.210668832443 715.556217688071 717.093276904309 717.53442390527 717.814832540527 719.308969798947 703.819811560953 706.334860353001 707.72772663924 708.611828346553 713.332587922819 706.639397617259 711.488118755265 713.268562404819 714.430233388985 717.869887635251
STOP 86
START 87
DY0 2450
AUTO 0
COEFFS 705.832543167871 0.003674413106111 -3.17518491754046e-07 8.63836531455781e-12 -2.11122785972985e-15 -2.60150520405665e-19 1.44454513108148e-22
MATCH_LAM 702.05031 701.72518 700.48142 700.27344 699.49657 699.1583 702.32195 709.12941 708.61222 707.43439 706.63994 706.26007 706.33412 705.55645 704.77399 703.82233 710.2472 698.30085 703.48704 706.14718 707.72844 707.34298
MATCH_PIX -949.093239053863 -1024.17139469069 -1303.04298938094 -1348.72853375864 -1515.73191366962 -1586.98202602873 -885.754073434503 978.267986379419 812.562730614481 453.458797726776 224.031809449836 117.572252575494 138.124231877228 -74.6435978888803 -281.100763486406 -522.98677636517 1356.66985444641 -1764.61393031924 -606.068977734817 86.084933623773 540.972696173684 426.787471390889
MATCH_LRES -6.66048647417483e-05 6.24069984951348e-05 -0.000569380175988954 0.000419710163441778 0.000324746586557012 -0.000350386417380832 0.000236578385624853 0.000126681293181719 -3.36784760293085e-05 0.000229120846370279 5.60635505735263e-05 -0.000106691495489031 8.70752900254956e-05 -4.89887762569197e-05 -0.00037874788984027 -0.000317097458832905 -2.22095610524775e-05 6.02026830165414e-05 0.000254898193134068 0.000672837668957982 -0.000116430099410536 -0.00052010756587606
GUESS_LAM 702.119096887207 701.725017737534 700.483926736791 700.275677425444 699.502612516909 699.159285512449 702.322327777473 709.309511503559 708.61129949479 707.434491296441 706.64066930323 706.260794395344 706.334364881529 705.557079753913 704.774930489533 703.822929609918 710.248508378643 698.299916937934 703.486225349883 706.146444382726 707.728749203378 707.343636850516
STOP 87
START 88
DY0 2450
AUTO 0
COEFFS 697.810359979656 0.00363706626873951 -3.14855669876375e-07 7.03244891801956e-12 -1.80968706529434e-15 4.82291183263611e-19
MATCH_LAM 693.85662 691.80368 695.48844 694.55259 689.22502 699.1583 700.27344 700.48142 702.05031 702.32195 694.74061 695.65743 699.49657 688.8174 702.83993
MATCH_PIX -998.061065484463 -1458.25569962067 -606.099206003432 -834.152922861352 -1990.53844672869 383.160495505239 721.644364825661 787.488946015987 1311.0458188636 1407.85111025841 -789.194850873774 -563.854512798328 483.630901875376 -2070.09810953374 1597.9244129367
MATCH_LRES -0.000824911918925864 -0.000192289671417711 1.6667248360136e-05 0.000332215038497452 0.000862588688846699 0.000223915685864995 0.000132743839571958 -0.000719651000281374 0.000407367263619562 1.86779175237461e-05 0.0010114160008925 -0.000579984714704551 0.000147488579500532 -0.0006710348325214 -0.000165207871191342
GUESS_LAM 693.927374635407 691.808040470067 695.490398587274 694.552956738942 689.276966526121 698.931815899328 700.277437494936 700.482157285552 702.040910675698 702.321482928619 694.739498900669 695.658426153635 699.496347731842 688.82376067163 702.838920706601
STOP 88
START 89
DY0 2450
AUTO 0
COEFFS 689.969135408757 0.00359882697017558 -3.098912620709e-07 1.2382223625513e-11 -2.04281894688637e-16 -6.2561796026244e-19 -2.21733074551725e-22
MATCH_LAM 683.09201 682.65609 680.76278 685.60006 693.7664 689.12039 687.665 687.03464 682.53907 688.47101 689.41509 694.44531 691.17555 681.46555 691.80368
MATCH_PIX -1658.85739414021 -1750.30906266898 -2133.58934391572 -1104.37283391811 1167.61746059485 -231.159044743831 -607.689139011771 -763.676916490945 -1774.83665700803 -402.097219444403 -152.013107876458 1406.171738778 345.119362160082 -1993.73533297499 534.065310138397
MATCH_LRES 0.000408208800877219 -0.000197095981661732 0.000503644605714726 -0.000316620351895835 0.000284264695437741 -0.00013197047110225 3.70743620123903e-05 4.07488631708475e-05 0.000602664719849599 -0.000138504050141819 0.000227982592150511 -0.000116031996299171 0.000797406137508005 -0.00108946468401427 -0.000912309157797608
GUESS_LAM 683.168060598577 682.659669286695 680.787199340855 685.594264671797 693.778588084797 689.117238970397 687.664032727537 687.03465824028 682.537964173925 688.470848239282 689.415562695261 694.43477232926 691.175840228448 681.466882644542 691.805651503126
STOP 89
START 90
DY0 2450
AUTO 0
COEFFS 682.301768728665 0.00356451607212804 -3.04691712617899e-07 5.48251035378526e-12 -7.584205250199e-15 7.54142952481348e-19 1.78487236841119e-21
MATCH_LAM 682.65609 683.09201 685.60006 679.31092 678.96099 675.55237 685.72071 683.47782 672.99756 675.3291 687.03464 676.00685 680.03636 681.46555 682.53907 678.19968 678.01841 685.75819 680.66161
MATCH_PIX 100.14545802709 226.047395741002 1012.88021903743 -784.81576790529 -870.265050538365 -1646.61994442199 1053.91350724739 339.954489102402 -2182.45920978615 -1694.58368663221 1524.44056452022 -1548.13250465107 -603.809788661581 -230.070207178806 66.8512870017848 -1052.2408534456 -1094.81863039575 1066.85425615697 -443.046958546272
MATCH_LRES 0.000402211167738642 1.64514568723462e-05 8.86414784417866e-06 -0.000354818340952079 -0.000378379363269232 -8.32436528526159e-05 0.00019345857811004 -0.000629316781214584 8.52863820455241e-06 0.000151387321238872 -1.61747823312908e-05 -0.000274995254130772 0.000156449437781703 8.64936258722082e-05 0.000368992785638511 0.000233795006693072 0.000555252413960261 -0.000110737381078252 -0.000334217105546486
GUESS_LAM 682.730365114283 683.089896710767 685.562210001336 679.309428756892 678.962092554234 675.550890770354 685.721033303197 683.477538950935 672.966402350497 675.329547974949 686.989446489122 676.005712887788 680.037719061447 681.467784406201 682.539226421937 678.198700973266 678.017528932873 685.758380413238 680.662086041856
STOP 90
START 91
DY0 2450
AUTO 0
COEFFS 674.803178008073 0.00352883572386786 -3.05256085828222e-07 5.7642009412509e-12 -2.51523497165633e-15 6.30836281703088e-19 2.51910463621043e-22
MATCH_LAM 666.88163 666.05159 667.65399 668.52125 669.45742 671.31048 673.45081 674.47456 676.00685 678.19968 678.96099 679.31092 667.54227 671.58233 671.92393 674.00402 675.89743 678.01841
MATCH_PIX -1907.87942457907 -2077.60442618665 -1745.98983680017 -1558.90613237916 -1350.52449005258 -915.284315682116 -371.054686324048 -92.4269870697686 351.799502100973 1057.88881528783 1328.04779749265 1457.47328839925 -1769.80468241819 -848.959696208974 -764.381465669129 -222.430484018889 318.888191572058 995.769368389125
MATCH_LRES -0.000667683331357694 0.000271770915787783 -0.000154979724015902 -9.03796317288652e-05 0.00065433612508059 -0.000640944201336424 -0.000602898128022389 0.00015411050333114 -0.000207605547757339 0.000143977485322466 6.74909430244952e-05 -6.79613897318632e-05 0.000409509245287154 1.66931757803468e-05 3.07279914295577e-05 0.000935176368557222 -0.000173912131913312 -7.7429690122699e-05
GUESS_LAM 666.962632105851 666.060132298121 667.647352718386 668.510533207942 669.444579089117 671.309592776393 673.437238548946 674.47612379808 676.014829053793 678.198867781411 678.960205242443 679.310126527768 667.541630807076 671.582088528218 671.923682427827 674.002701542442 675.897748887833 678.01854252132
STOP 91
START 92
DY0 2450
AUTO 0
COEFFS 667.468595201927 0.00349303438600569 -3.06889262505609e-07 7.51345638353252e-12 4.87358244889466e-15 -1.36364583138973e-19 -2.63362762949344e-21
MATCH_LAM 659.8687 661.88865 664.83761 665.07939 666.05159 666.88163 667.65399 668.52125 658.39058 657.72146 665.03317 669.45742 671.31048 671.58233 668.05509 661.99928 659.52832
MATCH_PIX -1848.64120041499 -1415.31484215493 -708.488672073226 -646.900082481144 -392.066405569918 -165.609241086759 53.3661299511378 309.710695136719 -2136.15175485656 -2256.98400620575 -658.83802356077 600.241928059367 1228.09484439887 1327.27241670823 170.585307736918 -1390.00139408212 -1917.63470005199
MATCH_LRES -0.00102118692643671 0.000672109325478232 -0.000412136120189643 0.000224037206066896 1.60035854150919e-05 -3.90561081076157e-05 -0.000142106845487433 -3.60755552719638e-06 -5.59226543828117e-05 -7.5173963296038e-05 0.000558245135152902 0.000604641145514506 -0.000623527495008602 0.000426157257493287 -0.000476608819099056 -0.000777767316662903 0.00112589541333818
GUESS_LAM 659.854595482234 661.831453877494 664.788074951405 665.079854311204 666.064083892466 666.879718412316 667.648859843096 668.511907899759 658.395901042812 657.722657713346 665.03231366389 669.46595026954 671.400420397442 671.580350672624 668.055810333988 661.998561719077 659.526387026654
STOP 92
START 93
DY0 2450
AUTO 0
COEFFS 660.290656719624 0.00345925482145021 -3.01573880769903e-07 7.28845479379286e-12 -1.04143341717937e-15 3.65080229201066e-19 -3.0282476068204e-22
MATCH_LAM 661.88865 664.07453 661.99928 665.07939 664.83761 660.72413 659.52832 658.64317 657.94732 657.79397 657.14469 656.06876 654.75272 651.3846 653.3067
MATCH_PIX 482.015440051082 1220.5845187254 516.867921085734 1601.65827377784 1506.93821447857 126.711929031867 -216.174586190514 -457.732608715852 -640.997794440405 -680.83260945758 -845.529683209143 -1109.33731742526 -1417.33838580938 -2136.68915827056 -1737.76073122563
MATCH_LRES -0.000119339749062419 -7.67234899967661e-05 0.000271858451696971 -9.31012812088738e-06 4.1090817830991e-05 -2.80974647921539e-05 -0.000364648175263937 -0.000132657254425794 0.000104019066270666 0.0008837090125553 -0.000256266344649703 -0.000585605875471629 0.000311549259549793 -6.19062677742477e-06 -3.33873576892074e-05
GUESS_LAM 661.833510813883 663.955633617096 661.998605104339 665.093848818948 664.839508799609 660.715314675909 659.529999313269 658.642899491044 657.944862699528 657.792334381307 657.145902625763 656.072112178806 654.7470264005 651.401357883332 653.304466251915
STOP 93
START 94
DY0 2450
AUTO 0
COEFFS 653.264001910808 0.00342789848448394 -2.93260363361868e-07 5.18826688327026e-12 -5.92821435987512e-15 9.50108472312017e-19 9.78863257424358e-22
MATCH_LAM 656.06876 657.14469 649.25309 654.75272 654.38571 650.87846 650.37879 649.49917 644.85527 645.27371 645.70487 648.3083 646.226 656.62583 657.79397 657.94814
MATCH_PIX 885.064677724298 1269.22131199827 -1068.30349940418 451.714718942651 336.798224092441 -658.145706302216 -787.197651419124 -1007.95337541585 -2057.99449146377 -1969.81236782633 -1877.97802100848 -1294.70886554472 -1765.2624391812 1080.031161477 1516.226823302 1576.99602496122
MATCH_LRES -0.000377250150222608 -9.93038546539537e-05 -0.00027187909836357 -0.000133022602426536 0.000335902653318954 0.000171291525816741 -0.000189028029922156 -0.000332225488136828 0.000192080369401992 -0.000176098066845043 1.06677545090861e-05 0.000776015694214038 -0.000245979282453845 0.000249623582703862 0.000425059322765264 -0.000335852404646175
GUESS_LAM 656.009859086864 657.041901465842 648.637623350288 654.750069852723 654.383037145629 650.875774502169 650.378467415308 649.500047448979 644.796967233141 645.276093661623 645.706715888891 648.308351263338 646.22682026577 656.625000729466 657.794686690389 657.949191378506
STOP 94
START 95
DY0 2450
AUTO 0
COEFFS 646.389315280377 0.00339222920122531 -2.95028881597592e-07 9.77218755700017e-12 -2.34259321409118e-15 -5.57586795341665e-19
MATCH_LAM 641.5387 640.24669 644.85527 649.25309 649.49917 650.87846 638.91612 637.86936 644.1899 639.05792 642.65893 643.05506 650.37879 650.53089 646.226 646.94624 647.30019 649.0676
MATCH_PIX -1280.01584583845 -1579.47619287153 -435.19091534609 915.549877945637 1002.12630968679 1518.81989298182 -1874.12814428393 -2096.17581300637 -614.758613780221 -1843.23150516728 -1007.95907153512 -908.83514145472 1324.91493625187 1383.04000669286 -47.9382904358939 166.661124069832 274.897177145795 851.007358438573
MATCH_LRES -0.000253648719876765 -0.0010534493188743 -0.00102133610550936 -0.000172707356114188 -0.000211085446267134 0.000270465459948355 0.000858030826293543 -0.000234491853234431 4.26110428861648e-05 4.10078757795418e-06 0.000432116218803458 0.000998455009266763 -0.000279602341947793 -0.000142318841653832 -1.85230290981053e-05 -0.000276668596029594 0.000466615447976437 0.000591436137938217
GUESS_LAM 641.608568662657 640.245697008193 644.865030725826 649.238701036082 649.492210067751 650.855716157565 638.920639354998 637.875212888554 644.190867630854 639.057657146532 642.657465803275 643.053395770259 650.379623450557 650.531247209176 646.224941039944 646.945753942003 647.299072015097 649.066521531373
STOP 95
START 96
DY0 2450
AUTO 0
COEFFS 639.655352569709 0.00336351747985571 -2.94228882492555e-07 6.78836027404533e-12 -1.63171737318394e-15
MATCH_LAM 640.24669 638.91612 641.5387 636.5031 636.40101 636.08894 634.14215 631.75213 633.93728 634.78755 637.86936 639.05792 642.65893 643.05506 644.1899
MATCH_PIX 178.775257745051 -215.839782117491 589.917333573576 -869.257160426407 -895.367906453311 -974.96645933329 -1447.78328908417 -1982.58903499989 -1495.16523228823 -1294.88679575795 -508.24402407888 -174.996248680943 974.774365027821 1118.00651076672 1554.88091093604
MATCH_LRES -0.000609664919352326 0.000527296070686134 0.000346551787288263 -0.000778882081363008 -0.000957072885853449 0.000351812836584031 0.000937467795893099 -0.000125148814959175 -0.000459422257677033 0.000240926269270858 0.000498026794730322 0.000218654128048001 -0.00033558568202352 0.000103999215525619 4.10417503644567e-05
GUESS_LAM 640.314205058811 638.926999969387 641.511499744798 636.509194474948 636.400969143796 636.086944991477 634.145484013608 631.75204354268 633.938748052546 634.788589052129 637.868169151337 639.058634001221 642.658273451295 643.053801183809 644.188269642841
STOP 96
START 97
DY0 2450
AUTO 0
COEFFS 633.061383056265 0.0033327075053224 -2.89926096199364e-07 7.77789536563175e-12 -3.17504719384994e-15 -6.38067586909692e-19
MATCH_LAM 625.91541 630.59859 630.49941 631.25553 631.89303 632.8116 633.93728 634.14215 635.04927 636.08894 636.5031 628.09 628.70164 626.03376 637.69305 635.59108 629.29313
MATCH_PIX -1831.3223007279 -695.918682128051 -722.068382303977 -518.047452628326 -340.616313322391 -74.4178498113357 269.026905132643 333.977083272161 630.666018437779 993.207840896158 1145.17862014151 -1330.05448450047 -1181.63407314155 -1805.0676546256 1615.60150838315 816.225647697258 -1034.14369735494
MATCH_LRES -3.54851783868071e-05 0.000174363188079951 -0.000701838544387101 -0.00025780564226352 0.000805740605756 -0.000161212797365806 0.000158584717951271 -0.000190020236232158 -8.40404391055927e-06 -0.000427391064249605 0.000426812935984344 -0.000226928251549907 0.000662128539943296 2.15427577359151e-05 -4.89886670038686e-05 2.23004052486431e-05 -0.000213398796290676
GUESS_LAM 625.97998252346 630.613574712101 630.515015090955 631.220654660565 631.88774212848 632.809366171511 633.928246217662 634.138955091128 635.037742368847 636.092492532391 636.502952575556 628.090260918855 628.700670257618 626.033759477465 637.699690023694 635.591051074511 629.293405101166
STOP 97
START 98
DY0 2450
AUTO 0
COEFFS 626.601612053174 0.0033023433559094 -2.89807337698118e-07 7.68602112704075e-12 -1.56520213266262e-15 -8.95655345048501e-20
MATCH_LAM 622.80921 622.17324 620.9467 620.21484 619.08567 618.24152 624.268 625.91541 626.03376 627.32803 628.09 628.70164 630.59859 630.49941 629.49829 629.29313 627.58525 623.65801
MATCH_PIX -1048.70150885581 -1207.96733907181 -1503.9075339742 -1673.82261808293 -1927.27332528712 -2110.60526288961 -666.842407220906 -204.087890941925 -169.293530372842 224.20674698679 469.911894279598 675.188830084791 1371.06718414984 1332.1804558476 955.911561583456 881.98484567316 305.982750838348 -829.36824203454
MATCH_LRES 0.000137304644795222 0.000283455471276284 0.000436488326158724 -0.000134089639118429 -0.000734125987492007 0.000415439744870127 -2.14494930332876e-05 -9.47259138683876e-05 -0.000442157052702896 0.000495893696438543 -0.000147198880313226 0.000412018661677394 0.000185756160362871 -6.28412549303903e-05 -0.000589095207828905 6.31017032901582e-05 0.000104956170389414 -0.000308732332996442
GUESS_LAM 622.884911820062 622.169874538577 620.937099323008 620.202977851966 619.072261053089 618.239764250511 624.262827567424 625.92177832269 626.034468636902 627.316145406367 628.09071024498 628.701396746795 630.609164721826 630.502439960033 629.499587357689 629.293040620138 627.585091805728 623.658431720484
STOP 98
START 99
DY0 2450
AUTO 0
COEFFS 620.271536358576 0.00327346393424342 -2.8563063752575e-07 6.83214580112773e-12 -2.22983011820038e-15
MATCH_LAM 620.9467 618.24152 616.30579 615.87915 612.61755 612.22503 614.29239 622.17324 622.80921 623.65801 624.268 620.8931 619.55694
MATCH_PIX 209.951109725927 -589.300097597918 -1101.73546214769 -1209.03605858098 -1972.52534034836 -2057.96807333994 -1592.55124180165 613.320254508865 835.302083532401 1147.59619485057 1385.14613571448 193.111783224255 -214.239460596764
MATCH_LRES 0.000427806701623012 -0.000104367554399687 -0.000128543447544871 -0.000285360261727874 0.00054425020528015 -0.000564208356649942 0.000373298191448157 0.000204511900165016 -0.000260997401255736 -0.000430461959354034 0.000308505742054876 2.48663893671619e-05 -0.000109299997006929
GUESS_LAM 620.928171788443 618.245014357129 616.301231874767 615.8791996737 612.622304059502 612.229206755907 614.292056732782 622.169491334067 622.809805928006 623.658710096205 624.267802557096 620.893610919822 619.557130911974
STOP 99
START 100
DY0 2450
AUTO 0
COEFFS 614.069532863192 0.00324484019221243 -2.86343489532785e-07 7.48092055837903e-12 -2.40159686016357e-16 -1.86922286722705e-19 -4.33078814607315e-22
MATCH_LAM 608.09062 608.97156 608.89475 607.47848 607.07008 609.98081 612.22503 611.45295 612.61755 615.23853 615.57711 616.30579 618.24152 605.26568 607.87887 608.01046 607.95561 604.90508 614.13497 615.87915 611.7859 610.42842 610.07717
MATCH_PIX -1603.92800721083 -1392.74321756739 -1411.27653548751 -1746.43074964886 -1839.32603552054 -1141.27765430238 -542.125238541355 -755.094674072112 -430.86938693172 372.517055399385 485.183703086338 736.092679895567 1471.58807748232 -2232.37788893668 -1653.47819525453 -1622.87097019534 -1635.72808104545 -2307.70476120849 20.0867412670144 587.645297864835 -664.144649947712 -1026.54527444525 -1116.83948990454
MATCH_LRES 6.70292602080735e-05 -1.86351876436675e-05 -0.000749702424400311 0.000522672838542348 -0.000264995508132415 -0.000369516869454856 -2.18888495737701e-05 0.000175799315002223 -0.000114667091224874 -0.000405183916427632 -0.000190703453085916 0.000100323763945198 -9.54635811467597e-06 -0.000719425723218592 -0.0003766858101244 0.000477991721822946 0.000462296283330943 0.000529044117001831 0.000374343886619499 0.000225663619289662 -3.56534322918378e-05 0.000262929493032971 7.84833007401176e-05
GUESS_LAM 608.154217810659 608.976548390808 608.899987577578 607.476056896437 607.068162068525 609.975683580183 612.206088877828 611.454798205925 612.61418510394 615.203051165193 615.577873691511 616.308786207151 618.258100884712 605.291246366652 607.875190228694 608.006625753893 607.952122063927 604.903073612969 614.134786699675 615.878831263566 611.786112501085 610.428101018419 610.077067926712
STOP 100
START 101
DY0 2450
AUTO 0
COEFFS 607.989868733921 0.00321577124174055 -2.83490378155145e-07 7.90916031841083e-12 -1.58622469815697e-15 -1.09941038936997e-19
MATCH_LAM 604.03531 603.68642 603.21146 602.27034 600.87354 607.87887 608.09062 609.98081 611.45295 612.22503 600.28653 601.70878 607.95561 608.01046 608.97156 608.89475 607.47848 605.72703 605.5057 603.45431 602.60448 601.18249 599.26658 600.68286
MATCH_PIX -1115.83872925836 -1204.98051007559 -1324.18436093008 -1553.99764190507 -1879.71409864886 -34.3535557110127 31.3314165912095 656.572943430834 1200.90476905267 1513.17298942255 -2011.75183827535 -1687.00552800103 -10.6654167490805 6.32336765525371 313.826922281061 288.722159838872 -156.834868263993 -664.010051710868 -724.874111266737 -1263.64029246908 -1473.52428795986 -1809.03854591164 -2234.65599170355 -1922.86231734318
MATCH_LRES -4.65904907969161e-05 1.74959108107942e-05 -0.000250701942377418 0.00031093467100618 -0.000181675800149605 -0.000190668619666212 0.000274646416869473 -0.000168235846331299 -3.6031841887052e-05 3.42603547096587e-05 7.56763135996152e-05 6.42867886426757e-05 7.1063504265112e-05 0.000268095581759553 0.000187151480417924 -0.000130371421391828 -3.9151762621259e-05 6.89756515157569e-05 -0.000753150351442855 0.000342107302230943 0.000682700659581315 -0.000485173675087935 0.000204798819595453 -0.000320441260100779
GUESS_LAM 604.11157689599 603.68421190002 603.206451954093 602.258708561897 600.855298809647 607.921476342324 608.09057023994 609.992629134085 611.459837421911 612.231569463652 600.286075790266 601.708833728694 607.955480989858 608.010177099626 608.971465987487 608.894991223506 607.47851296005 605.727135608221 605.506604026484 603.454076678174 602.604018917787 601.183236394038 599.265324120086 600.683250954121
STOP 101
START 102
DY0 2450
AUTO 0
COEFFS 602.029295348473 0.00319012053263947 -2.83223444092386e-07 5.5318706941557e-12 -4.67805617727757e-16 7.22382157786695e-19
MATCH_LAM 597.67206 594.62942 599.26658 600.28653 600.68286 600.87354 601.70878 602.27034 602.60448 603.21146 603.45431 604.03531 604.4263 605.5057 599.07037 597.13905 595.72112 596.24333 598.79243 599.82904 602.06621
MATCH_PIX -1227.87436443982 -1957.68280778618 -807.225679507805 -521.952314701414 -407.218468537064 -351.302960486884 -99.6658439737733 76.069517095259 183.274945262217 383.452345000361 465.846146473702 667.805617838564 808.564392706798 1218.03460553248 -860.640507603817 -1362.11002864745 -1705.90268405745 -1581.69424589919 -935.208837680674 -651.253120363294 11.7397704548742
MATCH_LRES 0.000161282602221036 -2.30389731541436e-05 0.000340012164770087 0.000334530041300241 1.21770960959111e-06 0.000147940017768633 0.000249574555027721 1.01946195627534e-05 -4.7989775566748e-06 0.000241641781371982 -0.000180699106294924 0.000291402858124457 -0.000222385295160166 1.65034532528807e-05 0.00053000033437911 -0.000495864422532577 -7.05268821548088e-05 0.0003548857075657 -0.000325381158631899 -0.000858886574405915 -0.000497605710393145
GUESS_LAM 597.746212365255 594.610422284065 599.275824335252 600.289674098296 600.683790598329 600.87383227512 601.710769042641 602.272481247358 602.605939847336 603.214056956733 603.456401805839 604.038318991214 604.429640214713 605.51290048976 599.070423026222 597.140621113358 595.721670330241 596.243289404829 598.792975347611 599.829997142035 602.06681520032
STOP 102
START 103
DY0 2450
AUTO 0
COEFFS 596.184424587266 0.00316280131299838 -2.79523182181748e-07 6.69733388396641e-12 -1.58923689179933e-15 1.14306074028341e-19
MATCH_LAM 592.78739 592.05856 591.60245 590.72073 589.7558 589.30835 594.62942 595.04467 595.72112 599.07037 599.26658 600.28653 597.67206 597.13905 596.24333 593.93083 593.1577 592.7046 591.28683 588.73323
MATCH_PIX -985.717972155596 -1177.60781977447 -1294.5779694825 -1514.37693681617 -1746.59797889955 -1851.01171316765 -471.759162355209 -349.342977517705 -144.814961608417 999.028626621144 1074.58168232015 1487.83809433035 491.424068424289 310.215846012237 18.840560097193 -671.869596998356 -885.838050354639 -1007.66097648671 -1374.01782712846 -1982.99345962355
MATCH_LRES 0.00021259665186335 0.00055886667064442 0.000390295138913643 -0.000451693736067682 0.000564756426115309 -0.000362885887511766 7.02324188068815e-05 -0.000429207142133237 0.000599394213281812 -1.17531602654708e-05 -0.000115389907819008 3.52403972101456e-05 0.000157491256004505 0.000188377680615304 -0.000584358645824068 -5.46243035159932e-05 4.5970117298566e-05 -0.000361006733214708 -0.000532977028569803 8.06754643463137e-05
GUESS_LAM 592.868228023648 592.053452151746 591.594053855939 590.706184964601 589.733235562616 589.310926299137 594.628577424089 595.045266888562 595.720177282216 599.104772270039 599.267952897598 600.29818670234 597.671680276054 597.138773642986 596.243967318302 593.931119581833 593.157887875657 592.705167481504 591.287395422478 588.73336638903
STOP 103
START 104
DY0 2450
AUTO 0
COEFFS 590.452078394699 0.00313652645052188 -2.75997766781294e-07 6.39677754987024e-12 -7.31195610383186e-15 3.62501058652462e-18
MATCH_LAM 589.7558 589.30835 590.1479 590.72073 591.60245 592.05856 592.78739 594.62942 588.73323 586.98507 586.83745 585.34745 588.42548 589.79972
MATCH_PIX -217.874134016149 -353.466218247649 -96.1773582395481 86.3073730707518 379.291379434468 537.541669454733 800.419799903535 1534.85323136369 -523.559546629974 -1009.72486168011 -1049.13621633052 -1426.12446181707 -612.108695977953 -204.218545140519
MATCH_LRES 0.000275378890250977 -0.000172912611219544 4.37823096035572e-05 -1.58028706209734e-06 0.000193568457916626 -0.00032798222105157 0.000127729464452386 -5.56470979518053e-06 0.000575042731725262 -0.000597188533447479 0.000655059894825172 -3.46173222851576e-05 -0.000488222591229714 -0.000242493507585095
GUESS_LAM 589.833348983632 589.313011574312 590.142800981968 590.70465370325 591.60068091202 592.059634300968 592.786845501818 594.656237743655 588.732599623291 586.990175315883 586.835523711506 585.33777536012 588.426199581969 589.800013561162
STOP 104
